92990
93074
93076
93285
93307
93336
93355
93400
93440
93448
93493
93516
93539
93549
93554
93578
93612
93624
93626
93631
93665
93762
93772
93801
93808
93803
93931
93949
93980
94015
94022
94128
94130
94195
94198
94204
94205
94207
94344
94372
94374
94379
94382
94390
94460
94464
94470
94523
94532
94576
94577
94584
94602
94633
94733
94760
94781
94784
94818
94822
94888
94964
94967
94996
95006
95027
95105
95127
95140
95142
95284
95302
95332
95333
95336
95443
95462
95489
95492
95508
95512
95518
95540
95626
95648
95672
95691
95711
95736
95742
95744
95757
95770
95805
95843
95895
95899
95900
95912
95958
95960
95996
96004
96098
96101
96125
96238
96279
96307
96310
96357
96473
96546
96548
96579
96613
96668
96671
96708
96711
96713
96867
97001
97065
97102
97116
97119
97125
97126
97194
97208
97344
97360
97372
97374
97373
97568
97570
97604
97607
97645
97673
97764
97768
97816
97879
97914
98049
98066
98072
98089
98096
98109
98137
98143
98230
98244
98255
98571
98576
98578
98737
98747
98765
98799
98935
99028
99032
99055
99113
99308
99521
99687
99693
99695
99910
99965
100032
100071
100364
100540
100553
100609
100620
100692
100789
100797
100831
100900
100962
100987
100989
100990
100991
100995
101011
101157
101166
101271
101354
101579
101613
101664
101700
101765
102006
102009
102019
102136
102155
102180
102357
102373
102492
102548
102557
102560
102598
102602
102718
102723
102793
102806
102933
102935
102954
102957
103000
103093
103188
103354
103651
103654
103897
103901
103940
103941
103954
104109
104221
104236
104420
104493
104569
104574
104651
104664
104850
104875
104877
104881
104885
104888
105119
105122
105123
105161
105205
105239
105277
105319
105343
105463
105486
105494
105556
105735
105737
105768
105772
105855
105894
105960
105986
105990
106115
106153
106159
106216
106276
106305
106433
106465
106488
106536
106534
106604
106617
106670
106686
106703
106719
106720
106828
106906
107035
107214
107416
107433
107432
107647
107649
107650
108041
109019
109044
109042
109132
109134
109140
109159
109168
109353
109356
109375
109476
109586
109587
109599
109608
109644
109645
